-13.43
-15.14
-15.15
-14.36
-15.77
-15.94
-18.8
-20.43
-19.75
-20.57
-24.41
-27.03
-31.5
-47.48
-51.44
-51.62
-53.19
-42.87
-50.16
-66.03
-51.14
-50.4
-41.55
-49.13
-50.62
-62.13
-57.14
-55.93
-54.17
-57.79
-60.54
-59.25
-74.53
-86.5
-82.15
-73.52
-85.06
-85.4
-75.38
-71.41
-57.93
-74.0
-67.31
-57.5
-63.45
-58.39
-69.7
-63.59
-69.8
-64.1
-60.76
-54.61
-57.81
-62.9
-67.11
-54.36
-43.94
-36.18
-42.15
-52.85
-39.86
-51.76
-53.0
-44.34
-51.36
-56.1
-62.21
-57.7
-52.72
-52.38
-67.37
-60.07
-53.48
-56.84
-53.31
-44.83
-49.05
-59.6
-55.48
-63.28
-69.63
-66.63
-62.16
-60.67
-76.66
-73.75
-68.47
-68.23
-71.18
-66.55
-63.57
-71.72
-58.61
-72.49
-81.56
-88.67
-78.38
-85.4
-88.28
-80.13
-64.56
-74.96
-71.84
-58.18
-63.14
-56.81
-42.39
-45.38
-44.37
-30.01
-23.46
-24.2
-39.38
-36.36
-33.06
-33.13
-36.49
-34.52
-33.02
-28.1
-33.13
-33.27
-29.17
-30.92
-27.83
-20.0
-17.88
-16.25
-16.84
-14.25
-13.16
-11.1
-9.76
-8.26
-5.14
-2.57
-3.65
-3.19
-2.0
-2.32
-1.15
-2.29
-0.69
-1.65
-0.53
-1.89
-3.33
-3.51
-1.37
-3.23
-3.64
-2.47
-5.15
-3.19
-2.76
-1.89
-1.59
-0.13
-1.38
-2.32
-1.35
-0.86
-3.07
-3.36
-4.86
-3.34
-3.41
-4.59
-4.86
-4.12
-3.68
-2.82
-5.2
-3.44
-4.24
-4.42
-4.16
-6.19
-8.08
-8.44
-11.64
-12.75
-13.58
-14.98
-16.28
-15.19
-16.23
-17.54
-20.39
-20.39
-19.01
-18.05
-15.47
-13.92
-13.02
-11.98
-13.56
-8.37
-7.15
-9.84
-8.67
-6.4
-4.42
-0.73
-0.67
0.29
1.37
3.49
6.76
9.62
7.76
10.49
11.79
12.35
16.0
17.34
16.53
19.87
22.42
22.92
24.51
26.38
27.77
27.94
28.47
29.72
28.11
30.88
31.1
10.26
34.92
36.42
36.39
-2.82
7.42
37.31
38.39
39.18
41.57
41.06
44.09
40.14
42.53
37.97
37.23
38.64
45.31
43.44
-7.35
43.26
43.92
44.51
44.48
45.32
45.1
41.37
39.3
41.58
39.82
43.03
42.4
45.26
45.65
41.01
40.38
34.19
39.57
37.36
37.54
35.36
38.45
40.91
35.69
36.89
38.22
39.76
33.57
32.31
37.5
37.85
34.56
32.02
33.69
34.25
32.17
31.09
34.52
22.65
31.8
22.51
23.53
-21.51
-23.31
-18.55
22.84
21.8
21.98
20.82
18.24
-5.72
-5.78
16.83
14.9
24.89
14.02
11.1
9.8
11.16
11.29
9.31
6.99
6.08
9.52
5.76
6.47
5.22
2.47
2.33
4.8
1.73
2.28
2.88
2.29
1.02
-2.93
-6.41
-10.6
-11.46
-10.6
-13.53
-9.13
-15.06
-13.43
