-7.72
-11.72
-13.09
-12.51
-11.38
-12.58
-14.51
-15.24
-14.51
-18.04
-18.71
-19.58
-21.68
-23.92
-26.45
-27.62
-29.91
-28.65
-30.74
-36.37
-40.45
-41.94
-47.05
-46.1
-49.89
-54.16
-58.7
-64.65
-66.53
-77.54
-85.57
-81.78
-66.24
-56.09
-56.1
-54.63
-20.88
-21.8
-29.48
-26.09
-22.69
-27.17
-13.71
-18.01
-21.6
-23.72
-17.49
-18.42
-18.75
-30.7
-22.89
-22.12
-16.94
-18.07
-17.4
-16.57
-13.94
-7.89
-10.85
-12.04
-11.42
-8.86
-4.97
-6.42
-12.49
-7.25
-9.39
-11.79
-10.01
-10.88
-13.63
-12.41
-9.42
-3.62
-7.14
-8.14
-8.97
-10.49
-13.47
-9.69
-8.05
-10.19
-11.0
-15.13
-16.25
-11.54
-15.49
-15.77
-15.3
-14.92
-15.65
-12.06
-13.18
-9.73
-13.44
-10.81
-12.1
-15.87
-19.33
-20.25
-13.41
-21.41
-22.08
-25.26
-24.82
-60.95
-85.66
-72.57
-61.96
-56.19
-51.13
-43.63
-46.19
-47.46
-39.19
-35.92
-38.58
-34.56
-35.24
-33.03
-36.14
-33.82
-31.75
-31.66
-30.2
-26.37
-21.24
-20.23
-20.25
-18.75
-19.1
-16.42
-14.92
-14.61
-13.01
-11.24
-9.49
-10.21
-7.62
-6.41
-7.51
-5.02
-4.6
-4.0
-3.24
-3.48
-3.35
-4.48
-2.59
-1.22
-3.19
-3.18
-2.68
-3.64
-2.57
-2.73
-2.38
-1.47
-1.63
-2.25
-1.97
-1.08
-1.71
-1.67
-2.78
-3.2
-2.35
-2.61
-2.88
-3.24
-2.39
-2.41
-2.74
-2.99
-2.66
-3.05
-3.19
-3.99
-4.43
-4.57
-5.24
-6.26
-6.84
-7.17
-8.29
-8.7
-8.77
-8.35
-10.0
-9.17
-8.32
-7.09
-5.95
-6.03
-5.24
-5.75
-4.93
-6.07
-5.58
-5.47
-3.96
-3.06
-3.57
-2.71
-2.03
-2.11
-1.83
-1.2
-0.54
0.2
1.51
2.0
3.04
5.27
5.58
7.3
8.22
8.28
11.36
12.51
13.66
17.14
20.86
20.82
20.09
22.83
22.72
23.45
24.75
25.4
22.72
26.91
28.07
29.03
21.41
24.66
35.56
32.72
32.58
32.92
34.06
33.71
33.79
35.79
36.3
34.95
35.7
35.36
35.99
32.74
42.49
36.07
36.56
33.39
34.27
33.55
33.09
32.58
33.11
34.79
33.91
34.84
34.65
33.66
34.1
33.82
33.33
33.23
33.13
28.36
33.05
32.17
32.61
33.66
32.79
33.85
34.97
34.85
34.08
33.52
35.7
33.52
33.57
32.96
34.47
32.35
32.85
32.75
30.74
30.31
28.41
28.52
27.52
15.38
18.23
27.84
29.27
26.3
24.12
23.26
18.36
18.57
18.71
17.88
16.63
13.87
16.78
13.67
14.12
13.43
12.44
12.47
11.84
11.02
10.2
8.79
7.35
6.42
5.49
4.0
3.72
2.75
0.97
0.76
0.23
0.08
-2.33
-3.31
-4.7
-5.87
-7.41
-6.85
-7.72
