0.6837487053617212
0.25546406962116786
0.26599247147122707
0.6238540669150496
0.025715197253321415
0.11575558031814695
0.563628623585368
0.16315171531743392
0.5076191312142975
0.5995592188339683
0.9331367901663679
0.5443587155227758
0.15481059387296833
0.14553987328393717
0.6583379801223534
0.25043494500344055
0.0790407380687253
0.15858922052604285
0.9421200949510502
0.02225653404690913
0.1758492257775304
0.521205769674083
0.012826570480649254
0.41302122387317136
0.9670344103554003
0.34522741624680797
0.45452880710353655
0.5853117999550855
0.10226462323804282
0.3899429153865749
0.1504025034353901
0.21809143720993554
0.12055723166146363
0.7241705701571366
0.948305260397023
0.3389885873884442
0.06235400564357768
0.027150820132829597
0.5669548919371853
0.3646243653504316
0.2638972383734982
0.4014852127116631
0.5210633691958534
0.8118054720494062
0.18512174102142664
0.4604578461335659
0.7446840674236432
0.9076627823125019
0.9407577164158545
0.75455454850403
0.22145093020553397
0.036430003299812726
0.46664336052265953
0.9244565466069301
0.40290722727784667
0.19161744308146822
0.773096744714951
0.5034358295373552
0.3980927398359046
0.26548229372103177
0.39567053251827944
0.20440558899273353
0.1601065278133739
0.9817471105539968
0.8533316152748085
0.8632300205975709
0.016554353397909758
0.7764187876772565
0.09715683378048008
0.3267319412092822
0.5541071139828792
0.18815447034334193
8.708868130036027e-05
0.23441983675986977
0.04413381127986636
0.5460957154823421
0.18506816596112194
0.022908638804437855
0.7742514488181388
0.1289171717210156
0.6136039940466336
0.12037081571743796
0.669058881258372
0.13408445180849832
0.21617911547300686
0.5917168324288931
0.10315805131247109
0.02802605117576286
0.10385571401127137
0.10913402146709972
0.027026284804104055
0.256655826485116
0.4902325301627936
0.01769807141468097
0.9044348191414551
0.5992412722179106
0.07766276566928362
0.023025629782599675
0.959232159943496
0.5459400487591322
0.5924282902112586
0.2796524650329793
0.00918475417959679
0.6839965028557137
0.9760976837845107
0.584018168082946
0.2842550552406773
0.11946454677798075
0.8895004630873731
0.750694530004432
0.60852082713669
0.8793845625511273
0.30031640900516604
0.131152173151863
0.5001918632982567
0.4122895256583157
0.7442328872203278
2.3268129804203693e-05
0.23266780613194465
0.06021197100848348
0.4656255000182713
0.2163497457776874
0.4269865205566781
0.96220453567526
0.1808610939022208
0.6835698151621682
0.32454279182274953
0.20643456422920384
0.4100895125535945
0.6652853401127263
0.9487853081940082
0.2589851605248733
0.06403967877466125
0.2870111096364156
0.820434820648714
0.22216413529170062
0.00819939459359693
0.009259471398991284
0.4240344835131049
0.39853702772374294
0.6862002494852693
0.3333646539100201
0.6270160082867771
0.282379334661389
0.04746693769404882
0.09863760598101405
0.009784127138884078
0.1136277510316574
0.2108845720277819
0.036219655113200244
0.005968825018489493
0.006327627059684279
0.19300670401820214
0.005968825018489493
0.05346384020463292
0.11969465235887373
0.2602677466928102
0.7402641876140074
0.5289732652659763
0.1721858273094154
0.43162407647462725
0.7796278145585256
0.023485195908545708
0.07314947580897875
0.13617646219382692
0.002891950956908137
0.051586120941606584
0.17403427787627967
0.0987728442741079
0.02311261473893069
0.09761230653745662
0.057268199358381865
0.17090622278539458
0.011256391676484354
0.12448644947103434
0.027310548666142395
0.011797705535197487
0.4111484864436554
0.37406403399913385
0.30964725467592435
0.7756714478535279
0.9957210802189017
0.8406297790051614
0.3215710917996432
0.15162815582629086
0.09078845279785147
0.08298628196591737
0.4060262963520703
0.2036002590148511
0.091187117756482
0.5230348597921155
0.8472057965190904
0.11705774625825537
0.7733334164843882
0.8448201146196921
0.923509735262879
0.6854477647144682
0.5004223950673994
0.8520216568198116
0.1893183796964034
0.1466161552631625
0.040715463653210764
0.12680964295440972
0.2000195801551119
0.4982897029219848
0.4880517519827425
0.472233436352043
0.14305040272479413
0.9365109456551328
0.09696921407724766
0.538587050397189
0.2743570938819769
0.046996734376323956
0.869290784148658
0.13659912806221383
0.6362933122617175
0.22638613501785637
0.4726561762923637
0.17523653545503456
0.4477315164903606
0.8131112447409461
0.5328307527533447
0.133708823213664
0.09195980437399452
0.07948465820515613
0.26939148023363546
0.029252406161686777
0.6426577184746667
0.9695214706102053
0.4019621606521604
0.06424333240691404
0.5058696802126189
0.08090998152279387
0.059063639450465895
0.2414526495550342
0.9538525034566204
0.4521274626603103
0.5867333333689326
0.29790083153261193
0.07991529053811648
0.245845021604854
0.14113234027367255
0.2799597439102646
0.5726778386158897
0.7441771839595808
0.17380167959974882
0.4258498832546752
0.37629097255761385
0.565344813507854
0.7378613595039364
0.7339525193778212
0.662444249096433
0.8161991875151835
0.43240775772252776
0.12146927151855953
0.1262651240140196
0.46634774558553904
0.30179919328052823
0.3234776985332967
0.10307812305197356
0.22365676023601555
0.11300852726919969
0.031063805514377728
0.03668044082136214
0.0517761460413441
0.06586559027195277
0.3418009012680873
0.6072478153703947
0.652609600300291
0.016723787352294267
0.6367138827358592
0.03220763803181942
0.4436577073793409
0.3988268679646707
0.7470556414635643
0.17821526166572296
0.09705406603505005
0.13140013213000318
0.2353265499141891
0.49439296867565086
0.0006706570956022507
0.4733595879442311
0.19918986608578293
0.10973383443587079
0.04067292371494719
0.881076141911462
0.01413933447093001
0.25416022697623303
0.9260893371266375
0.2182960172523277
0.047156824727767124
0.029192716333132928
0.2256364700391681
0.16142002799317617
0.3921964814984645
0.02056147967118591
0.0026618353124378525
0.46119225914264234
0.8342075018296274
0.569370445892068
0.9396467891805946
0.5268596433194402
0.3921260093701397
0.8782696810223719
0.3324418545620718
0.590710225709022
0.09525500853893133
0.6495694223765878
0.572786578081163
0.05209251198369191
0.9363266887695241
0.9936892006634424
0.04448853938090509
0.6913413735519108
0.3763300261337483
0.2690192715108633
0.2837438979054982
0.39382727093824543
0.6801590793747635
0.2699295322005431
0.11909338372977538
0.025373633602428964
0.36541156889160836
0.8104869601442425
0.10490157191211652
0.9971921417395684
0.21883956925004547
0.07156050623710758
0.38956609546075466
0.8673118497390271
0.12415791181862935
0.30564427424860435
0.6837487053617212
